00000001111000000000000
00000001111110000000000
00000111011100100000000
00011000011100110000000
00011100111000011100000
00101100110000000011111
00000000001111111100000
11100001001101111100000
11100000000000011110000
11111000000111111000000
00000111110000111000000
00000111110000000000000
00000000011111000000000
00000000000001111000000
00000000000001011100000
00000000000111111000000
00000000001111000000000
00000000111100000000000
00000000001111000000000
00000001111100000000000
00000000001111100000000
00000001111000000000000
00000000000000000000000